{
    "asset": {
        "generator": "COLLADA2GLTF",
        "version": "2.0"
    },
    "scene": 0,
    "scenes": [
        {
            "nodes": [
                365,
                0
            ]
        }
    ],
    "nodes": [
        {
            "children": [
                354,
                86,
                13,
                1
            ]
        },
        {
            "children": [
                2
            ],
            "matrix": [
                -0.0010287818731740118,
                0.9999183416366576,
                0.0127401202917099,
                0.0,
                0.9870434403419496,
                -0.0010287818731740118,
                0.1604498326778412,
                0.0,
                0.1604498326778412,
                0.0127401202917099,
                -0.9869617819786072,
                0.0,
                -272.8454895019531,
                -10.209569931030274,
                54.19012069702149,
                1.0
            ]
        },
        {
            "children": [
                3
            ]
        },
        {
            "children": [
                10,
                7,
                4
            ]
        },
        {
            "children": [
                5
            ]
        },
        {
            "children": [
                6
            ]
        },
        {
            "mesh": 0
        },
        {
            "children": [
                8
            ]
        },
        {
            "children": [
                9
            ]
        },
        {
            "mesh": 1
        },
        {
            "children": [
                11
            ]
        },
        {
            "children": [
                12
            ]
        },
        {
            "mesh": 2
        },
        {
            "children": [
                80,
                77,
                74,
                71,
                68,
                65,
                14
            ]
        },
        {
            "children": [
                62,
                59,
                15
            ],
            "matrix": [
                3.456146480118605e-11,
                -1.0,
                -3.4561353778883588e-11,
                0.0,
                3.4561353778883588e-11,
                3.456146480118605e-11,
                -1.0,
                0.0,
                1.0,
                3.4561353778883588e-11,
                3.456146480118605e-11,
                0.0,
                -18.35405921936035,
                -44.2807502746582,
                69.4555892944336,
                1.0
            ]
        },
        {
            "children": [
                56,
                52,
                48,
                44,
                40,
                36,
                32,
                28,
                24,
                20,
                16
            ],
            "matrix": [
                -1.0,
                0.0,
                -8.979318677493353e-11,
                0.0,
                0.0,
                1.0,
                0.0,
                0.0,
                8.979318677493353e-11,
                0.0,
                -1.0,
                0.0,
                -44.47123336791992,
                25.13555145263672,
                1.2060179710388184,
                1.0
            ]
        },
        {
            "children": [
                17
            ]
        },
        {
            "children": [
                19,
                18
            ]
        },
        {
            "mesh": 3
        },
        {
            "mesh": 4
        },
        {
            "children": [
                21
            ]
        },
        {
            "children": [
                23,
                22
            ]
        },
        {
            "mesh": 5
        },
        {
            "mesh": 6
        },
        {
            "children": [
                25
            ],
            "matrix": [
                0.7660444378852844,
                -0.6427876353263855,
                0.0,
                0.0,
                0.6427876353263855,
                0.7660444378852844,
                0.0,
                0.0,
                0.0,
                0.0,
                1.0,
                0.0,
                9.24232578277588,
                -7.755233764648438,
                4.445000171661377,
                1.0
            ]
        },
        {
            "children": [
                26
            ]
        },
        {
            "children": [
                27
            ]
        },
        {
            "mesh": 7
        },
        {
            "children": [
                29
            ],
            "matrix": [
                0.1736481785774231,
                -0.9848077297210692,
                0.0,
                0.0,
                0.9848077297210692,
                0.1736481785774231,
                0.0,
                0.0,
                0.0,
                0.0,
                1.0,
                0.0,
                2.095065116882324,
                -11.8817138671875,
                4.445000171661377,
                1.0
            ]
        },
        {
            "children": [
                30
            ]
        },
        {
            "children": [
                31
            ]
        },
        {
            "mesh": 7
        },
        {
            "children": [
                33
            ],
            "matrix": [
                -0.5,
                -0.8660253882408142,
                0.0,
                0.0,
                0.8660253882408142,
                -0.5,
                0.0,
                0.0,
                0.0,
                0.0,
                1.0,
                0.0,
                -6.03249979019165,
                -10.448600769042969,
                4.445000171661377,
                1.0
            ]
        },
        {
            "children": [
                34
            ]
        },
        {
            "children": [
                35
            ]
        },
        {
            "mesh": 7
        },
        {
            "children": [
                37
            ],
            "matrix": [
                -0.9396926164627076,
                -0.3420201539993286,
                0.0,
                0.0,
                0.3420201539993286,
                -0.9396926164627076,
                0.0,
                0.0,
                0.0,
                0.0,
                1.0,
                0.0,
                -11.337389945983889,
                -4.126475811004639,
                4.445000171661377,
                1.0
            ]
        },
        {
            "children": [
                38
            ]
        },
        {
            "children": [
                39
            ]
        },
        {
            "mesh": 7
        },
        {
            "children": [
                41
            ],
            "matrix": [
                -0.9396926164627076,
                0.3420201539993286,
                0.0,
                0.0,
                -0.3420201539993286,
                -0.9396926164627076,
                0.0,
                0.0,
                0.0,
                0.0,
                1.0,
                0.0,
                -11.337389945983889,
                4.126471996307373,
                4.445000171661377,
                1.0
            ]
        },
        {
            "children": [
                42
            ]
        },
        {
            "children": [
                43
            ]
        },
        {
            "mesh": 7
        },
        {
            "children": [
                45
            ],
            "matrix": [
                -0.5,
                0.8660253882408142,
                0.0,
                0.0,
                -0.8660253882408142,
                -0.5,
                0.0,
                0.0,
                0.0,
                0.0,
                1.0,
                0.0,
                -6.03249979019165,
                10.448596954345704,
                4.445000171661377,
                1.0
            ]
        },
        {
            "children": [
                46
            ]
        },
        {
            "children": [
                47
            ]
        },
        {
            "mesh": 7
        },
        {
            "children": [
                49
            ],
            "matrix": [
                0.1736481785774231,
                0.9848077297210692,
                0.0,
                0.0,
                -0.9848077297210692,
                0.1736481785774231,
                0.0,
                0.0,
                0.0,
                0.0,
                1.0,
                0.0,
                2.095065116882324,
                11.881706237792969,
                4.445000171661377,
                1.0
            ]
        },
        {
            "children": [
                50
            ]
        },
        {
            "children": [
                51
            ]
        },
        {
            "mesh": 7
        },
        {
            "children": [
                53
            ],
            "matrix": [
                0.7660444378852844,
                0.6427876353263855,
                0.0,
                0.0,
                -0.6427876353263855,
                0.7660444378852844,
                0.0,
                0.0,
                0.0,
                0.0,
                1.0,
                0.0,
                9.24232578277588,
                7.755229949951172,
                4.445000171661377,
                1.0
            ]
        },
        {
            "children": [
                54
            ]
        },
        {
            "children": [
                55
            ]
        },
        {
            "mesh": 7
        },
        {
            "children": [
                57
            ],
            "matrix": [
                1.0,
                0.0,
                0.0,
                0.0,
                0.0,
                1.0,
                0.0,
                0.0,
                0.0,
                0.0,
                1.0,
                0.0,
                12.0649995803833,
                0.0,
                4.445000171661377,
                1.0
            ]
        },
        {
            "children": [
                58
            ]
        },
        {
            "mesh": 8
        },
        {
            "children": [
                60
            ],
            "matrix": [
                1.0,
                0.0,
                0.0,
                0.0,
                0.0,
                1.0,
                0.0,
                0.0,
                0.0,
                0.0,
                1.0,
                0.0,
                -44.47123336791992,
                25.13555145263672,
                -9.681184768676758,
                1.0
            ]
        },
        {
            "children": [
                61
            ]
        },
        {
            "mesh": 9
        },
        {
            "children": [
                63
            ]
        },
        {
            "children": [
                64
            ]
        },
        {
            "mesh": 10
        },
        {
            "children": [
                66
            ],
            "matrix": [
                4.4896641959724089e-11,
                -1.0,
                0.0,
                0.0,
                1.0,
                4.4896641959724089e-11,
                0.0,
                0.0,
                0.0,
                0.0,
                1.0,
                0.0,
                -79.67301177978516,
                -0.001962000038474798,
                45.720001220703128,
                1.0
            ]
        },
        {
            "children": [
                67
            ]
        },
        {
            "mesh": 11
        },
        {
            "children": [
                69
            ]
        },
        {
            "children": [
                70
            ]
        },
        {
            "mesh": 12
        },
        {
            "children": [
                72
            ],
            "matrix": [
                4.4896641959724089e-11,
                0.0,
                -1.0,
                0.0,
                0.0,
                1.0,
                0.0,
                0.0,
                1.0,
                0.0,
                4.4896641959724089e-11,
                0.0,
                -61.51200866699219,
                -0.001962000038474798,
                45.720001220703128,
                1.0
            ]
        },
        {
            "children": [
                73
            ]
        },
        {
            "mesh": 13
        },
        {
            "children": [
                75
            ]
        },
        {
            "children": [
                76
            ]
        },
        {
            "mesh": 14
        },
        {
            "children": [
                78
            ]
        },
        {
            "children": [
                79
            ]
        },
        {
            "mesh": 15
        },
        {
            "children": [
                81
            ]
        },
        {
            "children": [
                85,
                84,
                83,
                82
            ]
        },
        {
            "mesh": 16
        },
        {
            "mesh": 17
        },
        {
            "mesh": 18
        },
        {
            "mesh": 19
        },
        {
            "children": [
                349,
                313,
                87
            ]
        },
        {
            "children": [
                310,
                307,
                304,
                249,
                187,
                88
            ]
        },
        {
            "children": [
                184,
                181,
                177,
                173,
                169,
                165,
                161,
                157,
                153,
                149,
                145,
                141,
                137,
                133,
                129,
                125,
                121,
                117,
                113,
                109,
                105,
                101,
                97,
                93,
                89
            ]
        },
        {
            "children": [
                90
            ],
            "matrix": [
                1.0,
                0.0,
                0.0,
                0.0,
                0.0,
                0.9659258127212524,
                -0.2588190138339997,
                0.0,
                0.0,
                0.2588190138339997,
                0.9659258127212524,
                0.0,
                0.0,
                -5.341444969177246,
                0.7026979923248291,
                1.0
            ]
        },
        {
            "children": [
                91
            ]
        },
        {
            "children": [
                92
            ]
        },
        {
            "mesh": 20
        },
        {
            "children": [
                94
            ],
            "matrix": [
                1.0,
                0.0,
                0.0,
                0.0,
                0.0,
                0.8660253882408142,
                -0.5,
                0.0,
                0.0,
                0.5,
                0.8660253882408142,
                0.0,
                0.0,
                -10.319009780883788,
                2.763921022415161,
                1.0
            ]
        },
        {
            "children": [
                95
            ]
        },
        {
            "children": [
                96
            ]
        },
        {
            "mesh": 20
        },
        {
            "children": [
                98
            ],
            "matrix": [
                1.0,
                0.0,
                0.0,
                0.0,
                0.0,
                0.7071067690849304,
                -0.7071067690849304,
                0.0,
                0.0,
                0.7071067690849304,
                0.7071067690849304,
                0.0,
                0.0,
                -14.59348964691162,
                6.043198108673096,
                1.0
            ]
        },
        {
            "children": [
                99
            ]
        },
        {
            "children": [
                100
            ]
        },
        {
            "mesh": 20
        },
        {
            "children": [
                102
            ],
            "matrix": [
                1.0,
                0.0,
                0.0,
                0.0,
                0.0,
                0.5,
                -0.8660253882408142,
                0.0,
                0.0,
                0.8660253882408142,
                0.5,
                0.0,
                0.0,
                -17.873580932617189,
                10.317049980163576,
                1.0
            ]
        },
        {
            "children": [
                103
            ]
        },
        {
            "children": [
                104
            ]
        },
        {
            "mesh": 20
        },
        {
            "children": [
                106
            ],
            "matrix": [
                1.0,
                0.0,
                0.0,
                0.0,
                0.0,
                0.258819043636322,
                -0.9659258127212524,
                0.0,
                0.0,
                0.9659258127212524,
                0.258819043636322,
                0.0,
                0.0,
                -19.93574714660645,
                15.294230461120606,
                1.0
            ]
        },
        {
            "children": [
                107
            ]
        },
        {
            "children": [
                108
            ]
        },
        {
            "mesh": 20
        },
        {
            "children": [
                110
            ],
            "matrix": [
                1.0,
                0.0,
                0.0,
                0.0,
                0.0,
                4.4896641959724089e-11,
                -1.0,
                0.0,
                0.0,
                1.0,
                4.4896641959724089e-11,
                0.0,
                0.0,
                -20.63945960998535,
                20.635540008544927,
                1.0
            ]
        },
        {
            "children": [
                111
            ]
        },
        {
            "children": [
                112
            ]
        },
        {
            "mesh": 20
        },
        {
            "children": [
                114
            ],
            "matrix": [
                1.0,
                0.0,
                0.0,
                0.0,
                0.0,
                -0.258819043636322,
                -0.9659258127212524,
                0.0,
                0.0,
                0.9659258127212524,
                -0.258819043636322,
                0.0,
                0.0,
                -19.93675994873047,
                25.97698974609375,
                1.0
            ]
        },
        {
            "children": [
                115
            ]
        },
        {
            "children": [
                116
            ]
        },
        {
            "mesh": 20
        },
        {
            "children": [
                118
            ],
            "matrix": [
                1.0,
                0.0,
                0.0,
                0.0,
                0.0,
                -0.5,
                -0.8660253882408142,
                0.0,
                0.0,
                0.8660253882408142,
                -0.5,
                0.0,
                0.0,
                -17.87553977966309,
                30.954559326171876,
                1.0
            ]
        },
        {
            "children": [
                119
            ]
        },
        {
            "children": [
                120
            ]
        },
        {
            "mesh": 20
        },
        {
            "children": [
                122
            ],
            "matrix": [
                1.0,
                0.0,
                0.0,
                0.0,
                0.0,
                -0.7071067690849304,
                -0.7071067690849304,
                0.0,
                0.0,
                0.7071067690849304,
                -0.7071067690849304,
                0.0,
                0.0,
                -14.596260070800782,
                35.22903060913086,
                1.0
            ]
        },
        {
            "children": [
                123
            ]
        },
        {
            "children": [
                124
            ]
        },
        {
            "mesh": 20
        },
        {
            "children": [
                126
            ],
            "matrix": [
                1.0,
                0.0,
                0.0,
                0.0,
                0.0,
                -0.8660253882408142,
                -0.5,
                0.0,
                0.0,
                0.5,
                -0.8660253882408142,
                0.0,
                0.0,
                -10.322409629821778,
                38.50912094116211,
                1.0
            ]
        },
        {
            "children": [
                127
            ]
        },
        {
            "children": [
                128
            ]
        },
        {
            "mesh": 20
        },
        {
            "children": [
                130
            ],
            "matrix": [
                1.0,
                0.0,
                0.0,
                0.0,
                0.0,
                -0.9659258127212524,
                -0.258819043636322,
                0.0,
                0.0,
                0.258819043636322,
                -0.9659258127212524,
                0.0,
                0.0,
                -5.345232963562012,
                40.5712890625,
                1.0
            ]
        },
        {
            "children": [
                131
            ]
        },
        {
            "children": [
                132
            ]
        },
        {
            "mesh": 20
        },
        {
            "children": [
                134
            ],
            "matrix": [
                1.0,
                0.0,
                0.0,
                0.0,
                0.0,
                -1.0,
                8.979318677493353e-11,
                0.0,
                0.0,
                -8.979318677493353e-11,
                -1.0,
                0.0,
                0.0,
                -0.003920999821275473,
                41.27500152587891,
                1.0
            ]
        },
        {
            "children": [
                135
            ]
        },
        {
            "children": [
                136
            ]
        },
        {
            "mesh": 20
        },
        {
            "children": [
                138
            ],
            "matrix": [
                1.0,
                0.0,
                0.0,
                0.0,
                0.0,
                -0.9659258127212524,
                0.258819043636322,
                0.0,
                0.0,
                -0.258819043636322,
                -0.9659258127212524,
                0.0,
                0.0,
                5.337523937225342,
                40.57231140136719,
                1.0
            ]
        },
        {
            "children": [
                139
            ]
        },
        {
            "children": [
                140
            ]
        },
        {
            "mesh": 20
        },
        {
            "children": [
                142
            ],
            "matrix": [
                1.0,
                0.0,
                0.0,
                0.0,
                0.0,
                -0.8660253882408142,
                0.5,
                0.0,
                0.0,
                -0.5,
                -0.8660253882408142,
                0.0,
                0.0,
                10.31509017944336,
                38.51108169555664,
                1.0
            ]
        },
        {
            "children": [
                143
            ]
        },
        {
            "children": [
                144
            ]
        },
        {
            "mesh": 20
        },
        {
            "children": [
                146
            ],
            "matrix": [
                1.0,
                0.0,
                0.0,
                0.0,
                0.0,
                -0.7071067690849304,
                0.7071067690849304,
                0.0,
                0.0,
                -0.7071067690849304,
                -0.7071067690849304,
                0.0,
                0.0,
                14.589570045471192,
                35.2318115234375,
                1.0
            ]
        },
        {
            "children": [
                147
            ]
        },
        {
            "children": [
                148
            ]
        },
        {
            "mesh": 20
        },
        {
            "children": [
                150
            ],
            "matrix": [
                1.0,
                0.0,
                0.0,
                0.0,
                0.0,
                -0.5,
                0.8660253882408142,
                0.0,
                0.0,
                -0.8660253882408142,
                -0.5,
                0.0,
                0.0,
                17.869659423828126,
                30.95795249938965,
                1.0
            ]
        },
        {
            "children": [
                151
            ]
        },
        {
            "children": [
                152
            ]
        },
        {
            "mesh": 20
        },
        {
            "children": [
                154
            ],
            "matrix": [
                1.0,
                0.0,
                0.0,
                0.0,
                0.0,
                -0.258819043636322,
                0.9659258127212524,
                0.0,
                0.0,
                -0.9659258127212524,
                -0.258819043636322,
                0.0,
                0.0,
                19.931827545166017,
                25.980770111083986,
                1.0
            ]
        },
        {
            "children": [
                155
            ]
        },
        {
            "children": [
                156
            ]
        },
        {
            "mesh": 20
        },
        {
            "children": [
                158
            ],
            "matrix": [
                1.0,
                0.0,
                0.0,
                0.0,
                0.0,
                4.4896641959724089e-11,
                1.0,
                0.0,
                0.0,
                -1.0,
                4.4896641959724089e-11,
                0.0,
                0.0,
                20.635540008544927,
                20.63945960998535,
                1.0
            ]
        },
        {
            "children": [
                159
            ]
        },
        {
            "children": [
                160
            ]
        },
        {
            "mesh": 20
        },
        {
            "children": [
                162
            ],
            "matrix": [
                1.0,
                0.0,
                0.0,
                0.0,
                0.0,
                0.258819043636322,
                0.9659258127212524,
                0.0,
                0.0,
                -0.9659258127212524,
                0.258819043636322,
                0.0,
                0.0,
                19.93284034729004,
                15.298020362854004,
                1.0
            ]
        },
        {
            "children": [
                163
            ]
        },
        {
            "children": [
                164
            ]
        },
        {
            "mesh": 20
        },
        {
            "children": [
                166
            ],
            "matrix": [
                1.0,
                0.0,
                0.0,
                0.0,
                0.0,
                0.5,
                0.8660253882408142,
                0.0,
                0.0,
                -0.8660253882408142,
                0.5,
                0.0,
                0.0,
                17.871620178222658,
                10.320449829101565,
                1.0
            ]
        },
        {
            "children": [
                167
            ]
        },
        {
            "children": [
                168
            ]
        },
        {
            "mesh": 20
        },
        {
            "children": [
                170
            ],
            "matrix": [
                1.0,
                0.0,
                0.0,
                0.0,
                0.0,
                0.7071067690849304,
                0.7071067690849304,
                0.0,
                0.0,
                -0.7071067690849304,
                0.7071067690849304,
                0.0,
                0.0,
                14.592340469360352,
                6.045970916748047,
                1.0
            ]
        },
        {
            "children": [
                171
            ]
        },
        {
            "children": [
                172
            ]
        },
        {
            "mesh": 20
        },
        {
            "children": [
                174
            ],
            "matrix": [
                1.0,
                0.0,
                0.0,
                0.0,
                0.0,
                0.8660253882408142,
                0.5,
                0.0,
                0.0,
                -0.5,
                0.8660253882408142,
                0.0,
                0.0,
                10.318490028381348,
                2.765881061553955,
                1.0
            ]
        },
        {
            "children": [
                175
            ]
        },
        {
            "children": [
                176
            ]
        },
        {
            "mesh": 20
        },
        {
            "children": [
                178
            ],
            "matrix": [
                1.0,
                0.0,
                0.0,
                0.0,
                0.0,
                0.9659258127212524,
                0.2588190138339997,
                0.0,
                0.0,
                -0.2588190138339997,
                0.9659258127212524,
                0.0,
                0.0,
                5.341311931610107,
                0.7037129998207092,
                1.0
            ]
        },
        {
            "children": [
                179
            ]
        },
        {
            "children": [
                180
            ]
        },
        {
            "mesh": 20
        },
        {
            "children": [
                182
            ]
        },
        {
            "children": [
                183
            ]
        },
        {
            "mesh": 21
        },
        {
            "children": [
                185
            ]
        },
        {
            "children": [
                186
            ]
        },
        {
            "mesh": 22
        },
        {
            "children": [
                246,
                243,
                239,
                235,
                232,
                228,
                224,
                220,
                216,
                212,
                208,
                204,
                200,
                196,
                192,
                188
            ]
        },
        {
            "children": [
                189
            ],
            "matrix": [
                1.0,
                0.0,
                0.0,
                0.0,
                0.0,
                0.8660253882408142,
                0.5,
                0.0,
                0.0,
                -0.5,
                0.8660253882408142,
                0.0,
                0.0,
                10.318490028381348,
                2.7658820152282717,
                1.0
            ]
        },
        {
            "children": [
                190
            ]
        },
        {
            "children": [
                191
            ]
        },
        {
            "mesh": 23
        },
        {
            "children": [
                193
            ],
            "matrix": [
                1.0,
                0.0,
                0.0,
                0.0,
                0.0,
                0.5,
                0.8660253882408142,
                0.0,
                0.0,
                -0.8660253882408142,
                0.5,
                0.0,
                0.0,
                17.871620178222658,
                10.320449829101565,
                1.0
            ]
        },
        {
            "children": [
                194
            ]
        },
        {
            "children": [
                195
            ]
        },
        {
            "mesh": 23
        },
        {
            "children": [
                197
            ],
            "matrix": [
                1.0,
                0.0,
                0.0,
                0.0,
                0.0,
                4.4896641959724089e-11,
                1.0,
                0.0,
                0.0,
                -1.0,
                4.4896641959724089e-11,
                0.0,
                0.0,
                20.635540008544927,
                20.63945960998535,
                1.0
            ]
        },
        {
            "children": [
                198
            ]
        },
        {
            "children": [
                199
            ]
        },
        {
            "mesh": 23
        },
        {
            "children": [
                201
            ],
            "matrix": [
                1.0,
                0.0,
                0.0,
                0.0,
                0.0,
                -0.5,
                0.8660253882408142,
                0.0,
                0.0,
                -0.8660253882408142,
                -0.5,
                0.0,
                0.0,
                17.869659423828126,
                30.95795249938965,
                1.0
            ]
        },
        {
            "children": [
                202
            ]
        },
        {
            "children": [
                203
            ]
        },
        {
            "mesh": 23
        },
        {
            "children": [
                205
            ],
            "matrix": [
                1.0,
                0.0,
                0.0,
                0.0,
                0.0,
                -0.8660253882408142,
                0.5,
                0.0,
                0.0,
                -0.5,
                -0.8660253882408142,
                0.0,
                0.0,
                10.31509017944336,
                38.51108169555664,
                1.0
            ]
        },
        {
            "children": [
                206
            ]
        },
        {
            "children": [
                207
            ]
        },
        {
            "mesh": 23
        },
        {
            "children": [
                209
            ],
            "matrix": [
                1.0,
                0.0,
                0.0,
                0.0,
                0.0,
                -1.0,
                8.979318677493353e-11,
                0.0,
                0.0,
                -8.979318677493353e-11,
                -1.0,
                0.0,
                0.0,
                -0.003922999836504459,
                41.27500152587891,
                1.0
            ]
        },
        {
            "children": [
                210
            ]
        },
        {
            "children": [
                211
            ]
        },
        {
            "mesh": 23
        },
        {
            "children": [
                213
            ],
            "matrix": [
                1.0,
                0.0,
                0.0,
                0.0,
                0.0,
                -0.8660253882408142,
                -0.5,
                0.0,
                0.0,
                0.5,
                -0.8660253882408142,
                0.0,
                0.0,
                -10.322409629821778,
                38.50912094116211,
                1.0
            ]
        },
        {
            "children": [
                214
            ]
        },
        {
            "children": [
                215
            ]
        },
        {
            "mesh": 23
        },
        {
            "children": [
                217
            ],
            "matrix": [
                1.0,
                0.0,
                0.0,
                0.0,
                0.0,
                -0.5,
                -0.8660253882408142,
                0.0,
                0.0,
                0.8660253882408142,
                -0.5,
                0.0,
                0.0,
                -17.87553977966309,
                30.95454978942871,
                1.0
            ]
        },
        {
            "children": [
                218
            ]
        },
        {
            "children": [
                219
            ]
        },
        {
            "mesh": 23
        },
        {
            "children": [
                221
            ],
            "matrix": [
                1.0,
                0.0,
                0.0,
                0.0,
                0.0,
                4.4896641959724089e-11,
                -1.0,
                0.0,
                0.0,
                1.0,
                4.4896641959724089e-11,
                0.0,
                0.0,
                -20.63945960998535,
                20.635540008544927,
                1.0
            ]
        },
        {
            "children": [
                222
            ]
        },
        {
            "children": [
                223
            ]
        },
        {
            "mesh": 23
        },
        {
            "children": [
                225
            ],
            "matrix": [
                1.0,
                0.0,
                0.0,
                0.0,
                0.0,
                0.5,
                -0.8660253882408142,
                0.0,
                0.0,
                0.8660253882408142,
                0.5,
                0.0,
                0.0,
                -17.873580932617189,
                10.317049980163576,
                1.0
            ]
        },
        {
            "children": [
                226
            ]
        },
        {
            "children": [
                227
            ]
        },
        {
            "mesh": 23
        },
        {
            "children": [
                229
            ],
            "matrix": [
                1.0,
                0.0,
                0.0,
                0.0,
                0.0,
                0.8660253882408142,
                -0.5,
                0.0,
                0.0,
                0.5,
